               pl_name  pl_orbper  pl_orbsmax  ...  st_teff st_mass  st_rad
28            55 Cnc e   0.736539     0.01544  ...   5196.0    0.91    0.94
66          CoRoT-10 b  13.240600     0.10550  ...   5075.0    0.89    0.79
67          CoRoT-11 b   2.994330     0.04360  ...   6440.0    1.27    1.37
68          CoRoT-12 b   2.828042     0.04016  ...   5675.0    1.08    1.12
69          CoRoT-13 b   4.035190     0.05100  ...   5945.0    1.09    1.01
70          CoRoT-14 b   1.512140     0.02700  ...   6035.0    1.13    1.21
73          CoRoT-18 b   1.900069     0.02950  ...   5440.0    0.95    1.00
79          CoRoT-22 b   9.755980     0.09200  ...   5939.0    1.10    1.14
80          CoRoT-23 b   3.631300     0.04800  ...   5900.0    1.14    1.61
93           CoRoT-6 b   8.886593     0.08550  ...   6090.0    1.05    1.02
133   EPIC 246851721 b   6.180235     0.07229  ...   6202.0    1.32    1.59
135   EPIC 249893012 b   3.595100     0.04700  ...   5430.0    1.05    1.71
136   EPIC 249893012 c  15.624000     0.13000  ...   5430.0    1.05    1.71
137   EPIC 249893012 d  35.747000     0.22000  ...   5430.0    1.05    1.71
147          GJ 1214 b   1.580405     0.01411  ...   3026.0    0.15    0.22
181          GJ 3470 b   3.336650     0.03550  ...   3600.0    0.54    0.55
183           GJ 357 b   3.930720     0.03500  ...   3505.0    0.34    0.34
228          GJ 9827 b   1.208982     0.01880  ...   4340.0    0.61    0.60
229          GJ 9827 c   3.648096     0.03925  ...   4340.0    0.61    0.60
230          GJ 9827 d   6.201470     0.05591  ...   4340.0    0.61    0.60
266         HAT-P-34 b   5.452654     0.06774  ...   6442.0    1.39    1.53
267         HAT-P-35 b   3.646706     0.04978  ...   6096.0    1.24    1.44
268         HAT-P-36 b   1.327347     0.02410  ...   5620.0    1.03    1.04
269         HAT-P-37 b   2.797436     0.03790  ...   5500.0    0.93    0.88
270         HAT-P-38 b   4.640382     0.05230  ...   5330.0    0.89    0.92
275         HAT-P-42 b   4.641878     0.05750  ...   5743.0    1.18    1.53
276         HAT-P-43 b   3.332687     0.04430  ...   5645.0    1.05    1.10
283         HAT-P-50 b   3.122011     0.04530  ...   6280.0    1.27    1.70
284         HAT-P-51 b   4.218028     0.05069  ...   5449.0    0.98    1.04
285         HAT-P-52 b   2.753595     0.03694  ...   5131.0    0.89    0.89
...                ...        ...         ...  ...      ...     ...     ...
3918          TrES-5 b   1.482247     0.02459  ...   5171.0    0.90    0.87
3937        WASP-104 b   1.755414     0.02918  ...   5475.0    1.08    0.96
3940        WASP-107 b   5.721490     0.05500  ...   4430.0    0.69    0.66
3942        WASP-113 b   4.542169     0.05885  ...   5890.0    1.32    1.61
3943        WASP-114 b   1.548774     0.02851  ...   5940.0    1.29    1.43
3946        WASP-119 b   2.499790     0.03630  ...   5650.0    1.02    1.20
3947         WASP-12 b   1.091420     0.02320  ...   6360.0    1.43    1.66
3951        WASP-124 b   3.372650     0.04490  ...   6050.0    1.07    1.02
3955        WASP-129 b   5.748145     0.06280  ...   5900.0    1.00    0.90
3960        WASP-133 b   2.176423     0.03450  ...   5700.0    1.16    1.44
3974        WASP-151 b   4.533471     0.05500  ...   5871.0    1.08    1.14
3995      WASP-173 A b   1.386653     0.02480  ...   5800.0    1.05    1.11
4003      WASP-180 A b   3.409264     0.04800  ...   6600.0    1.30    1.19
4012          WASP-2 b   2.152175     0.03144  ...   5180.0    0.90    0.87
4014         WASP-21 b   4.322482     0.05200  ...   5800.0    0.89    1.14
4023         WASP-31 b   3.405910     0.04659  ...   6302.0    1.16    1.25
4025         WASP-33 b   1.219870     0.02390  ...   7430.0    1.50    1.44
4029         WASP-37 b   3.577469     0.04460  ...   5800.0    0.93    1.00
4031         WASP-39 b   4.055259     0.04860  ...   5400.0    0.93    0.90
4054         WASP-57 b   2.838919     0.03769  ...   5600.0    0.89    0.93
4063         WASP-65 b   2.311424     0.03340  ...   5600.0    0.93    1.01
4069       WASP-70 A b   3.713020     0.04853  ...   5763.0    1.11    1.22
4074         WASP-75 b   2.484193     0.03750  ...   6100.0    1.14    1.26
4085         WASP-84 b   8.523487     0.07710  ...   5314.0    0.84    0.75
4086       WASP-85 A b   2.655678     0.03900  ...   6112.0    1.09    0.94
4103           WTS-1 b   3.352057     0.04700  ...   6250.0    1.20    1.15
4104           WTS-2 b   1.018707     0.01855  ...   5000.0    0.82    0.75
4115            XO-5 b   4.187756     0.05150  ...   5430.0    1.04    1.13
4116            XO-6 b   3.765001     0.08150  ...   6720.0    1.47    1.93
4117            XO-7 b   2.864142     0.04421  ...   6250.0    1.41    1.48

[221 rows x 14 columns] [  0   1   2   3   4   5   6   7   8   9  10  11  12  13  14  15  16  17
  18  19  20  21  22  23  24  25  26  27  28  29  30  31  32  33  34  35
  36  37  38  39  40  41  42  43  44  45  46  47  48  49  50  51  52  53
  54  55  56  57  58  59  60  61  62  63  64  65  66  67  68  69  70  71
  72  73  74  75  76  77  78  79  80  81  82  83  84  85  86  87  88  89
  90  91  92  93  94  95  96  97  98  99 100 101 102 103 104 105 106 107
 108 109 110 111 112 113 114 115 116 117 118 119 120 121 122 123 124 125
 126 127 128 129 130 131 132 133 134 135 136 137 138 139 140 141 142 143
 144 145 146 147 148 149 150 151 152 153 154 155 156 157 158 159 160 161
 162 163 164 165 166 167 168 169 170 171 172 173 174 175 176 177 178 179
 180 181 182 183 184 185 186 187 188 189 190 191 192 193 194 195 196 197
 198 199 200 201 202 203 204 205 206 207 208 209 210 211 212 213 214 215
 216 217 218 219 220]
              pl_name  pl_orbper  pl_orbsmax  pl_bmassj    pl_bmassprov  \
0            55 Cnc e   0.736539    0.015440    0.02542            Mass   
1          CoRoT-10 b  13.240600    0.105500    2.75000            Mass   
2          CoRoT-11 b   2.994330    0.043600    2.33000            Mass   
3          CoRoT-12 b   2.828042    0.040160    0.91700            Mass   
4          CoRoT-13 b   4.035190    0.051000    1.30800            Mass   
5          CoRoT-14 b   1.512140    0.027000    7.60000            Mass   
6          CoRoT-18 b   1.900069    0.029500    3.47000            Mass   
7          CoRoT-22 b   9.755980    0.092000    0.03800            Mass   
8          CoRoT-23 b   3.631300    0.048000    2.80000            Mass   
9           CoRoT-6 b   8.886593    0.085500    2.96000            Mass   
10   EPIC 246851721 b   6.180235    0.072290    3.00000            Mass   
11   EPIC 249893012 b   3.595100    0.047000    0.02753            Mass   
12   EPIC 249893012 c  15.624000    0.130000    0.04616            Mass   
13   EPIC 249893012 d  35.747000    0.220000    0.03203            Mass   
14          GJ 1214 b   1.580405    0.014110    0.01970            Mass   
15          GJ 3470 b   3.336650    0.035500    0.04373            Mass   
16           GJ 357 b   3.930720    0.035000    0.00579            Mass   
17          GJ 9827 b   1.208982    0.018800    0.01545            Mass   
18          GJ 9827 c   3.648096    0.039250    0.00264            Mass   
19          GJ 9827 d   6.201470    0.055910    0.01271            Mass   
20         HAT-P-34 b   5.452654    0.067740    3.33000            Mass   
21         HAT-P-35 b   3.646706    0.049780    1.05600            Mass   
22         HAT-P-36 b   1.327347    0.024100    1.84820            Mass   
23         HAT-P-37 b   2.797436    0.037900    1.16900            Mass   
24         HAT-P-38 b   4.640382    0.052300    0.26700            Mass   
25         HAT-P-42 b   4.641878    0.057500    1.04400            Mass   
26         HAT-P-43 b   3.332687    0.044300    0.66200            Mass   
27         HAT-P-50 b   3.122011    0.045300    1.35000            Mass   
28         HAT-P-51 b   4.218028    0.050690    0.30900            Mass   
29         HAT-P-52 b   2.753595    0.036940    0.81800            Mass   
30         HAT-P-53 b   1.961624    0.031590    1.48400            Mass   
31         HAT-P-55 b   3.585247    0.046040    0.58200            Mass   
32         HAT-P-65 b   2.605455    0.039510    0.52700            Mass   
33         HAT-P-66 b   2.972086    0.043630    0.78300            Mass   
34         HAT-P-67 b   4.810103    0.065050    0.34000            Mass   
35          HAT-P-9 b   3.922811    0.052870    0.74900            Mass   
36           HATS-1 b   3.446459    0.044400    1.85500            Mass   
37          HATS-10 b   3.312846    0.044910    0.52600            Mass   
38          HATS-13 b   3.044050    0.040570    0.54300            Mass   
39          HATS-14 b   2.766764    0.038150    1.07100            Mass   
40          HATS-15 b   1.747488    0.027120    2.17000            Mass   
41          HATS-16 b   2.686502    0.037440    3.27000            Mass   
42          HATS-17 b  16.254611    0.130800    1.33800            Mass   
43          HATS-18 b   0.837840    0.017400    1.97950            Mass   
44           HATS-2 b   1.354133    0.023000    1.34500            Mass   
45          HATS-22 b   4.722812    0.050250    2.74000            Mass   
46          HATS-23 b   2.160516    0.033970    1.47000            Mass   
47          HATS-24 b   1.348498    0.023800    2.26000            Mass   
48          HATS-25 b   4.298643    0.051630    0.61300            Mass   
49          HATS-26 b   3.302388    0.047350    0.65000            Mass   
50          HATS-27 b   4.637038    0.061100    0.53000            Mass   
51          HATS-28 b   3.181078    0.041310    0.67200            Mass   
52          HATS-29 b   4.605875    0.054750    0.65300            Mass   
53           HATS-3 b   3.547851    0.048500    1.07100            Mass   
54          HATS-30 b   3.174352    0.043540    0.70600            Mass   
55          HATS-31 b   3.377960    0.047800    0.88000            Mass   
56          HATS-32 b   2.812655    0.040240    0.92000            Mass   
57          HATS-33 b   2.549555    0.037270    1.19200            Mass   
58          HATS-34 b   2.106161    0.031660    0.94100            Mass   
59          HATS-35 b   1.820999    0.031990    1.22200            Mass   
60          HATS-39 b   4.577635    0.060070    0.63000            Mass   
61           HATS-4 b   2.516729    0.036200    1.32300            Mass   
62          HATS-40 b   3.264274    0.049970    1.59000            Mass   
63          HATS-41 b   4.193649    0.058300    9.70000            Mass   
64          HATS-42 b   2.292102    0.036890    1.88000            Mass   
65          HATS-43 b   4.388850    0.049440    0.26100            Mass   
66          HATS-44 b   2.743900    0.036490    0.56000            Mass   
67          HATS-45 b   4.187624    0.055110    0.70000            Mass   
68          HATS-46 b   4.742373    0.053670    0.17300            Mass   
69          HATS-47 b   3.922804    0.042690    0.36900            Mass   
70        HATS-48 A b   3.131667    0.037690    0.24300            Mass   
71          HATS-49 b   4.148047    0.045150    0.35300            Mass   
72           HATS-5 b   4.763387    0.054200    0.23700            Mass   
73          HATS-50 b   3.829702    0.050460    0.39000            Mass   
74          HATS-51 b   3.348870    0.046390    0.76800            Mass   
75          HATS-52 b   1.366654    0.024980    2.24000            Mass   
76          HATS-53 b   3.853777    0.047530    0.59500            Mass   
77          HATS-54 b   2.544183    0.037630    0.76000            Mass   
78          HATS-55 b   4.204200    0.054120    0.92100            Mass   
79          HATS-56 b   4.324799    0.060430    0.60200            Mass   
80          HATS-57 b   2.350621    0.034930    3.14700            Mass   
81        HATS-58 A b   4.218090    0.057980    1.03000            Mass   
82          HATS-59 b   5.416081    0.061120    0.80600            Mass   
83           HATS-6 b   3.325273    0.036230    0.31900            Mass   
84          HATS-60 b   3.560829    0.047080    0.66200            Mass   
85          HATS-61 b   7.817953    0.079080    3.40000            Mass   
86          HATS-62 b   3.276884    0.041630    0.17900            Mass   
87          HATS-63 b   3.056653    0.040260    0.96000            Mass   
88          HATS-64 b   4.908897    0.065620    0.96000            Mass   
89          HATS-65 b   3.105161    0.044970    0.82100            Mass   
90          HATS-66 b   3.141439    0.047140    5.33000            Mass   
91          HATS-67 b   1.609179    0.030320    1.45000            Mass   
92          HATS-68 b   3.586220    0.050710    1.29000            Mass   
93          HATS-69 b   2.225258    0.032110    0.57700            Mass   
94           HATS-7 b   3.185315    0.040120    0.12000            Mass   
95          HATS-70 b   1.888238    0.036320   12.90000            Mass   
96          HATS-72 b   7.327947    0.066517    0.12540            Mass   
97           HATS-8 b   3.583893    0.046670    0.13800            Mass   
98        HD 106315 b   9.552370    0.090700    0.03964            Mass   
99        HD 106315 c  21.057040    0.153600    0.04782            Mass   
100         HD 1397 b  11.535330    0.109700    0.41500            Mass   
101        HD 15337 b   4.756150    0.052200    0.02363            Mass   
102        HD 15337 c  17.178400    0.126800    0.02552            Mass   
103       HD 213885 b   1.008035    0.020120    0.02778            Mass   
104       HD 221416 b  14.276700    0.122800    0.19000            Mass   
105        HD 89345 b  11.814300    0.106600    0.11000            Mass   
106          K2-111 b   5.351170    0.062100    0.02706            Mass   
107           K2-18 b  32.939623    0.142900    0.02807            Mass   
108          K2-216 b   2.174800    0.028000    0.02517            Mass   
109          K2-237 b   2.180558    0.035300    1.23600            Mass   
110          K2-238 b   3.204660    0.046000    0.86000            Mass   
111          K2-260 b   2.626666    0.040400    1.42000            Mass   
112          K2-261 b  11.633440    0.102000    0.22300            Mass   
113          K2-263 b  50.818947    0.257300    0.04657            Mass   
114          K2-265 b   2.369172    0.033760    0.02058            Mass   
115          K2-266 b   0.658524    0.013060    0.03545  Msin(i)/sin(i)   
116          K2-266 c   7.814000    0.067900    0.00091  Msin(i)/sin(i)   
117          K2-266 d  14.697000    0.103500    0.02800            Mass   
118          K2-266 e  19.482000    0.124900    0.04499            Mass   
119           K2-27 b   6.771315    0.067020    0.09722            Mass   
120          K2-285 b   3.471745    0.038170    0.03046            Mass   
121          K2-285 c   7.138048    0.082400    0.04933            Mass   
122           K2-29 b   3.258832    0.042170    0.73000            Mass   
123          K2-290 b   9.211650    0.092300    0.03430            Mass   
124          K2-290 c  48.366850    0.305000    0.77400            Mass   
125          K2-291 b   2.225177    0.032610    0.02042            Mass   
126          K2-292 b  16.984100    0.130000    0.07709            Mass   
127          K2-295 b   4.024867    0.045100    0.33500            Mass   
128           K2-30 b   4.098503    0.048390    0.57900            Mass   
129           K2-36 b   1.422614    0.022300    0.01227            Mass   
130           K2-36 c   5.340888    0.054000    0.02454            Mass   
131           K2-38 c  10.561030    0.096400    0.03115            Mass   
132           K2-60 b   3.002650    0.045000    0.42600            Mass   
133           K2-66 b   5.069630    0.059830    0.06702            Mass   
134          KELT-1 b   1.217514    0.024660   27.23000            Mass   
135         KELT-10 b   4.166274    0.052500    0.67900            Mass   
136         KELT-12 b   5.031623    0.067080    0.95000            Mass   
137         KELT-16 b   0.968995    0.020440    2.75000            Mass   
138         KELT-17 b   3.080172    0.048810    1.31000            Mass   
139         KELT-18 b   2.871752    0.045500    1.18000            Mass   
140       KELT-19 A b   4.611709    0.063700    4.07000            Mass   
141         KELT-20 b   3.474108    0.054200    3.38200            Mass   
142       KELT-23 A b   2.255251    0.033020    0.93800            Mass   
143         KELT-24 b   5.551493    0.069690    5.18000            Mass   
144        KELT-4 A b   2.989593    0.043170    0.90200            Mass   
145          KELT-9 b   1.481124    0.034620    2.88000            Mass   
146        KOI-1257 b  86.647661    0.382000    1.45000            Mass   
147       Kepler-10 b   0.837491    0.017200    0.01450            Mass   
148     Kepler-1656 b  31.578659    0.197000    0.15291            Mass   
149       Kepler-21 b   2.785780    0.042717    0.01598            Mass   
150        Kepler-4 b   3.213460    0.045600    0.07700            Mass   
151      Kepler-412 b   1.720860    0.028970    0.94100            Mass   
152      Kepler-425 b   3.797018    0.046400    0.25000            Mass   
153      Kepler-426 b   3.217519    0.041400    0.34000            Mass   
154      Kepler-427 b  10.290994    0.091000    0.29000            Mass   
155      Kepler-428 b   3.525633    0.043300    1.27000            Mass   
156      Kepler-432 b  52.501129    0.301000    5.41000            Mass   
157       Kepler-45 b   2.455239    0.030000    0.50500            Mass   
158        Kepler-8 b   3.522499    0.047400    0.59000            Mass   
159         L 168-9 b   1.401500    0.020910    0.01447            Mass   
160         L 98-59 b   2.253100    0.022820    0.00318            Mass   
161         L 98-59 c   3.690400    0.031700    0.00761            Mass   
162         L 98-59 d   7.451200    0.050600    0.00727            Mass   
163        LHS 1140 b  24.736959    0.093600    0.02196            Mass   
164        LHS 1140 c   3.777931    0.026750    0.00569            Mass   
165      LTT 1445 A b   5.358820    0.038070    0.00692            Mass   
166       MASCARA-1 b   2.148780    0.043000    3.70000            Mass   
167          NGTS-1 b   2.647298    0.032600    0.81200            Mass   
168         NGTS-10 b   0.766894    0.014300    2.16200            Mass   
169          NGTS-2 b   4.511164    0.063000    0.74000            Mass   
170        NGTS-3 A b   1.675373    0.023000    2.38000            Mass   
171          NGTS-6 b   0.882059    0.016770    1.33900            Mass   
172          NGTS-8 b   2.499700    0.035000    0.93000            Mass   
173          NGTS-9 b   4.435270    0.058000    2.90000            Mass   
174         Qatar-1 b   1.420024    0.023320    1.29400            Mass   
175        Qatar-10 b   1.645321    0.028600    0.73600            Mass   
176         Qatar-7 b   2.032046    0.035200    1.88000            Mass   
177         Qatar-8 b   3.714950    0.047400    0.37100            Mass   
178         Qatar-9 b   1.540731    0.023400    1.19000            Mass   
179         TOI-125 b   4.653820    0.051860    0.02989            Mass   
180         TOI-125 c   9.150590    0.081400    0.02086            Mass   
181         TOI-125 d  19.980000    0.137000    0.04279            Mass   
182        TOI-216.01  34.556000    0.206900    0.62927            Mass   
183        TOI-216.02  17.089000    0.129300    0.09439            Mass   
184      TRAPPIST-1 b   1.510871    0.011110    0.00267            Mass   
185      TRAPPIST-1 c   2.421823    0.015210    0.00434            Mass   
186      TRAPPIST-1 d   4.049610    0.021440    0.00129            Mass   
187      TRAPPIST-1 e   6.099615    0.028170    0.00195            Mass   
188      TRAPPIST-1 f   9.206690    0.037100    0.00214            Mass   
189      TRAPPIST-1 g  12.352940    0.045100    0.00422            Mass   
190          TrES-3 b   1.306186    0.022820    1.91000            Mass   
191          TrES-5 b   1.482247    0.024590    1.79000            Mass   
192        WASP-104 b   1.755414    0.029180    1.27200            Mass   
193        WASP-107 b   5.721490    0.055000    0.12000            Mass   
194        WASP-113 b   4.542169    0.058850    0.47500            Mass   
195        WASP-114 b   1.548774    0.028510    1.76900            Mass   
196        WASP-119 b   2.499790    0.036300    1.23000            Mass   
197         WASP-12 b   1.091420    0.023200    1.46500            Mass   
198        WASP-124 b   3.372650    0.044900    0.60000            Mass   
199        WASP-129 b   5.748145    0.062800    1.00000            Mass   
200        WASP-133 b   2.176423    0.034500    1.16000            Mass   
201        WASP-151 b   4.533471    0.055000    0.31000            Mass   
202      WASP-173 A b   1.386653    0.024800    3.69000            Mass   
203      WASP-180 A b   3.409264    0.048000    0.90000            Mass   
204          WASP-2 b   2.152175    0.031440    0.93100            Mass   
205         WASP-21 b   4.322482    0.052000    0.30000            Mass   
206         WASP-31 b   3.405910    0.046590    0.47800            Mass   
207         WASP-33 b   1.219870    0.023900    2.09300            Mass   
208         WASP-37 b   3.577469    0.044600    1.80000            Mass   
209         WASP-39 b   4.055259    0.048600    0.28000            Mass   
210         WASP-57 b   2.838919    0.037690    0.64400            Mass   
211         WASP-65 b   2.311424    0.033400    1.55000            Mass   
212       WASP-70 A b   3.713020    0.048530    0.59000            Mass   
213         WASP-75 b   2.484193    0.037500    1.07000            Mass   
214         WASP-84 b   8.523487    0.077100    0.69400            Mass   
215       WASP-85 A b   2.655678    0.039000    1.26500            Mass   
216           WTS-1 b   3.352057    0.047000    4.01000            Mass   
217           WTS-2 b   1.018707    0.018550    1.12000            Mass   
218            XO-5 b   4.187756    0.051500    1.19000            Mass   
219            XO-6 b   3.765001    0.081500    4.40000            Mass   
220            XO-7 b   2.864142    0.044210    0.70900            Mass   

     pl_radj  pl_dens          ra        dec  st_dist  st_optmagerr  st_teff  \
0      0.170   6.4000  133.149216  28.330818    12.59         0.010   5196.0   
1      0.970   3.7000  291.063708   0.746143   345.00         0.050   5075.0   
2      1.430   0.9900  280.687263   5.937688   560.00         0.019   6440.0   
3      1.440   0.4110  100.765677  -1.296439  1150.00         0.052   5675.0   
4      0.885   2.3400  102.721137  -5.086445  1060.00         0.041   5945.0   
5      1.090   7.3000  103.424211  -5.536037  1340.00         0.070   6035.0   
6      1.310   2.2000   98.172410  -0.031586   870.00         0.100   5440.0   
7      0.435   0.2490  280.667115   6.219136   592.00         0.083   5939.0   
8      1.050   3.0000  279.782615   4.357806   600.00         0.070   5900.0   
9      1.166   2.3200  281.072525   6.663194   657.24         0.021   6090.0   
10     1.051   3.1000   78.919746  16.278742   336.70         0.053   6202.0   
11     0.174   6.3900  228.248199 -16.724524   324.22         0.121   5430.0   
12     0.327   1.6200  228.248199 -16.724524   324.22         0.121   5430.0   
13     0.352   0.9100  228.248199 -16.724524   324.22         0.121   5430.0   
14     0.254   1.4900  258.828837   4.963920    14.65         0.600   3026.0   
15     0.408   0.8000  119.774349  15.391492    29.45         0.012   3600.0   
16     0.109   5.6000  144.006821 -21.660797     9.44         0.030   3505.0   
17     0.141   6.9300  351.770142  -1.286273    29.69         0.138   4340.0   
18     0.111   2.4200  351.770142  -1.286273    29.69         0.138   4340.0   
19     0.180   2.6900  351.770142  -1.286273    29.69         0.138   4340.0   
20     1.197   2.5000  303.195342  18.104868   251.08         0.073   6442.0   
21     1.332   0.5500  123.250764   4.787023   514.20         0.110   6096.0   
22     1.277   1.1750  188.266255  44.915352   296.93         0.068   5620.0   
23     1.178   0.8900  284.296064  51.269138   411.00         0.320   5500.0   
24     0.825   0.5900   35.383234  32.246151   249.00         0.094   5330.0   
25     1.280   0.6100  135.344391   6.097230   447.00         0.030   5743.0   
26     1.281   0.3900  128.925737  10.206653   542.00         0.030   5645.0   
27     1.288   0.7800  118.063411  12.139410   497.00         0.030   6280.0   
28     1.293   0.1780   21.065190  32.810764   470.00         0.040   5449.0   
29     1.009   0.9800   42.721679  29.022396   385.00         0.020   5131.0   
30     1.318   0.8000   21.871105  38.968147   719.00         0.180   5956.0   
31     1.182   0.4350  264.273447  25.731186   480.00         0.039   5808.0   
32     1.890   0.0960  315.905487  11.989404   841.00         0.029   5835.0   
33     1.590   0.2420  150.572632  53.950863   927.00         0.052   6002.0   
34     2.085   0.0520  256.610687  44.776981   320.00         0.016   6406.0   
35     1.393   0.3420  110.168529  37.140652   480.00         0.063   6350.0   
36     1.302   1.0300  175.525336 -23.354836   303.00         0.017   5870.0   
37     0.969   0.7000  294.306813 -22.204477   496.00         0.010   5880.0   
38     1.212   0.3770  316.961465 -26.096655   476.00         0.010   5523.0   
39     1.039   1.1910  313.215479 -25.687334   513.00         0.100   5346.0   
40     1.105   1.9700  311.091961 -19.437510   689.00         0.010   5311.0   
41     1.300   1.8600  358.558710 -30.012999   774.00         0.020   5738.0   
42     0.777   3.5000  192.189799 -47.613693   339.00         0.100   5846.0   
43     1.329   1.1169  173.957397 -29.156012   645.00         0.040   5600.0   
44     1.168   1.0500  176.739094 -22.562992   360.00         0.016   5227.0   
45     0.953   3.8900  174.009720 -29.543312   207.90         0.040   4803.0   
46     1.860   0.2900  286.366699 -50.067352   747.00         0.010   5780.0   
47     1.395   1.0300  268.890686 -61.747311   510.00         0.010   6125.0   
48     1.260   0.3800  207.907777 -23.781174   466.00         0.030   5715.0   
49     1.750   0.1530  144.926863 -28.585590   907.00         0.030   6071.0   
50     1.500   0.1800  193.552560 -46.587715   840.00         0.040   6438.0   
51     1.194   0.4800  284.399685 -49.138470   521.00         0.080   5498.0   
52     1.251   0.4110  285.096424 -54.893192   351.00         0.010   5670.0   
53     1.381   0.5100  312.457440 -24.428793   453.00         0.200   6351.0   
54     1.175   0.5430    5.618693 -59.942551   339.00         0.010   5943.0   
55     1.640   0.2430  191.702789 -24.427364   872.00         0.030   6050.0   
56     1.249   0.5800  346.075073 -21.271938   839.00         0.010   5700.0   
57     1.230   0.7900  294.633636 -55.330105   255.00         0.070   5659.0   
58     1.430   0.4000    0.774485 -62.469341   532.00         0.010   5380.0   
59     1.464   0.4840  296.688263 -63.565609   557.00         0.100   6300.0   
60     1.570   0.2020  112.419289 -29.937889   773.00         0.020   6572.0   
61     1.020   1.5500   94.112075 -22.546885   420.00         0.017   5403.0   
62     1.580   0.4900  100.571251 -29.776806  1431.00         0.030   6460.0   
63     1.330   5.1000  103.517418 -27.050388   800.00         0.030   6424.0   
64     1.400   0.8300  108.452415 -33.437332   942.00         0.010   6060.0   
65     1.180   0.1910   80.538170 -30.970833   341.00         0.030   5099.0   
66     1.067   0.5600   84.326706 -27.972610   463.00         0.010   5080.0   
67     1.286   0.4100  101.994293 -21.910694   818.00         0.050   6450.0   
68     0.903   0.2800    6.702417 -56.316113   448.00         0.050   5495.0   
69     1.117   0.3310  287.484377 -49.664963   301.70         0.010   4512.0   
70     0.800   0.5890  288.671978 -59.579377   265.40         0.110   4546.0   
71     0.765   0.9860    6.613262 -56.344315   324.60         0.040   4405.0   
72     0.912   0.3900   67.222871 -21.481916   257.00         0.030   5304.0   
73     1.130   0.3300  300.427490 -26.077583   717.00         0.050   5990.0   
74     1.410   0.3400  102.847504 -29.058611   478.00         0.030   5758.0   
75     1.382   1.0600  140.087708 -31.269333   631.00         0.040   6010.0   
76     1.340   0.3030  176.628006 -33.860054   613.00         0.030   5644.0   
77     1.067   0.7700  200.634885 -44.688805   769.00         0.040   5702.0   
78     1.251   0.5870  114.283414 -32.755421   623.60         0.040   6214.0   
79     1.688   0.1550  180.165125 -45.799443   577.10         0.023   6536.0   
80     1.139   2.6500   60.948335 -19.056757   280.00         0.047   5587.0   
81     1.095   0.9600  186.787387 -48.978397   492.00         0.019   7175.0   
82     1.126   0.7000  170.325000 -22.388167   654.88         0.030   5670.0   
83     0.998   0.3990   88.146797 -19.031656   148.40         0.024   3724.0   
84     1.153   0.5370  341.364018 -14.991763   494.30         0.028   5688.0   
85     1.195   2.4700   61.657782 -25.349710   694.00         0.024   5542.0   
86     1.055   0.0760  312.449305 -24.303471   516.80         0.037   5416.0   
87     1.207   0.6700   67.418554 -28.197287   634.80         0.009   5627.0   
88     1.679   0.2450  144.287625 -29.800437  1083.00         0.030   6554.0   
89     1.501   0.3000  292.939799 -26.740201   495.00         0.020   6277.0   
90     1.411   2.3400  101.394823 -33.881703  1538.00         0.030   6626.0   
91     1.685   0.3740  180.208826 -46.136424   982.00         0.010   6594.0   
92     1.232   0.8560   15.005889 -58.904757   618.20         0.020   6147.0   
93     0.945   0.4600  289.297350 -60.891683   420.30         0.010   5137.0   
94     0.563   0.8300  208.856995 -21.207695   257.00         0.010   4985.0   
95     1.384   6.6400  109.104500 -31.244406  1307.00         0.028   7930.0   
96     0.722   0.4110  339.026329 -16.999941   127.66         0.010   4656.1   
97     0.873   0.2590  294.941746 -25.748318   829.00         0.100   5679.0   
98     0.218   4.7000  183.472473  -0.393484   109.00         0.018   6327.0   
99     0.388   1.0100  183.472473  -0.393484   109.00         0.018   6327.0   
100    1.026   0.4770    4.446472 -66.358910    79.75         0.011   5521.0   
101    0.146   9.3000   36.868240 -27.635206    44.87         0.018   5125.0   
102    0.213   3.2300   36.868240 -27.635206    44.87         0.018   5125.0   
103    0.156   9.1500  338.984650 -59.864468    47.97         0.002   5978.0   
104    0.836   0.4310  353.033630 -21.801424    95.08         0.014   5080.0   
105    0.660   0.4710  154.671066  10.129028   132.80         0.028   5576.0   
106    0.170   6.6000   59.889755  21.298685   201.51         0.040   5730.0   
107    0.211   4.1100  172.560455   7.588391    38.07         0.050   3457.0   
108    0.156   8.2000   11.480249   6.346971   115.84         0.050   4503.0   
109    1.642   0.3700  253.768890 -28.710564   309.50         0.050   6099.0   
110    1.300   0.5600  347.704346  -7.857499   453.00         0.020   5630.0   
111    1.552   0.5000   76.867325  16.867718   676.32         0.110   6367.0   
112    0.850   0.4830  163.032425   0.493352   214.58         0.059   5537.0   
113    0.215   5.7000  129.682388  15.680626   163.23         0.040   5368.0   
114    0.153   7.1000  342.031525 -14.494689   139.22         0.037   5477.0   
115    0.294   1.7700  157.935440   0.937571    77.16         0.020   4285.0   
116    0.063   4.5100  157.935440   0.937571    77.16         0.020   4285.0   
117    0.261   2.0300  157.935440   0.937571    77.16         0.020   4285.0   
118    0.244   2.2100  157.935440   0.937571    77.16         0.020   4285.0   
119    0.400   1.8700  171.515167   1.230738   251.43         0.020   5248.0   
120    0.231   3.0700  349.384277   1.300290   155.65         0.121   4975.0   
121    0.315   1.9500  349.384277   1.300290   155.65         0.121   4975.0   
122    1.190   0.5300   62.670647  24.402042   179.39         0.044   5358.0   
123    0.273   4.1000  234.857773 -20.198818   274.99         0.107   6302.0   
124    1.006   1.0100  234.857773 -20.198818   274.99         0.107   6302.0   
125    0.142   8.8400   76.445793  21.548630    90.29         0.033   5520.0   
126    0.235   7.4000  205.376266  -9.946078   114.29         0.013   5725.0   
127    0.897   0.6120   19.609900   6.816871   225.70         0.040   4444.0   
128    1.039   0.6400   52.341961  22.299404   336.26         0.040   5425.0   
129    0.128   7.2000  169.449066   3.866393   110.09         0.030   4916.0   
130    0.285   1.3000  169.449066   3.866393   110.09         0.030   4916.0   
131    0.216   3.6000  240.033585 -23.189287   193.71         0.030   5757.0   
132    0.683   1.7000  338.606171 -13.731702   498.70         0.020   5500.0   
133    0.222   7.8000  331.526703 -10.711549   520.43         0.186   5887.0   
134    1.110  24.7000    0.362142  39.383808   262.00         0.057   6518.0   
135    1.399   0.3080  284.548373 -47.003242   183.00         0.043   5948.0   
136    1.780   0.2090  267.640503  36.570232   360.00         0.050   6279.0   
137    1.415   1.2000  314.268494  31.661034   450.28         0.030   6236.0   
138    1.525   0.4600  125.617523  13.735319   210.00         0.051   7454.0   
139    1.570   0.3770  216.524017  59.444275   311.00         0.022   6670.0   
140    1.910   0.7440  111.509499   7.615806   302.80         0.040   7500.0   
141    1.741   0.8060  294.661407  31.219225   139.70         0.010   8720.0   
142    1.323   0.5030  232.146636  66.358762   125.42         0.024   5899.0   
143    1.272   3.1300  161.909790  71.655876    96.03         0.012   6509.0   
144    1.699   0.2280  157.062546  25.573189   210.00         0.030   6206.0   
145    1.891   0.5300  307.859802  39.938828   205.65         0.010  10170.0   
146    0.940   2.1000  291.225180  44.927383   900.00         0.062   5520.0   
147    0.132   8.0000  285.679394  50.241299   186.50         0.345   5708.0   
148    0.448   2.1300  284.472168  39.911824   186.88         0.130   5731.0   
149    0.146   6.4000  287.361816  38.714016   108.86         0.012   6305.0   
150    0.357   1.9100  285.615322  50.135754   550.00         0.422   5857.0   
151    1.341   0.5200  286.110327  43.680958  1121.32         0.240   5750.0   
152    0.978   0.2700  290.358009  40.567738   650.00         0.040   5170.0   
153    1.090   0.2600  289.434628  49.473400   880.00         0.013   5725.0   
154    1.230   0.1600  288.254580  43.704868  1100.00         0.020   5800.0   
155    1.080   1.0200  290.581722  40.577400   720.00         0.016   5150.0   
156    1.145   4.4600  293.282206  48.285900   870.00         0.060   4995.0   
157    0.960   0.8000  292.872900  41.064261   333.00         0.050   3820.0   
158    1.416   0.2700  281.288118  42.451080  1052.90         0.324   6213.0   
159    0.124   9.6000  350.031372 -60.065182    25.17         0.011   3800.0   
160    0.071  12.7000  124.531750 -68.313000    10.62         0.017   3412.0   
161    0.120   5.4000  124.531750 -68.313000    10.62         0.017   3412.0   
162    0.140   3.3000  124.531750 -68.313000    10.62         0.017   3412.0   
163    0.154   7.5000   11.247240 -15.271532    14.99         0.030   3216.0   
164    0.114   4.7000   11.247240 -15.271532    14.99         0.030   3216.0   
165    0.123   4.4000   45.464111 -16.593372     6.87         0.020   3337.0   
166    1.500   1.5000  317.551544  10.738873   188.70         0.014   7554.0   
167    1.330   0.4200   82.714378 -36.630787   224.00         0.083   3916.0   
168    1.205   1.4300   91.872280 -25.594896   324.70         0.015   4600.0   
169    1.595   0.2260  215.122879 -31.202070   360.30         0.011   6478.0   
170    1.480   0.3100   94.444794 -35.706394  1010.00         0.047   5600.0   
171    1.326   0.7110   75.795417 -30.399345   311.03         0.021   4730.0   
172    1.090   0.8900  328.975833 -14.068292   434.28         0.060   5241.0   
173    1.070   2.9300  141.920833 -19.347314   619.74         0.020   6330.0   
174    1.143   1.0760  303.381672  65.162041   186.61         0.137   5013.0   
175    1.543   0.2480  284.443904  69.570836   539.00         0.079   6124.0   
176    1.700   0.5020  358.515125  37.021825   725.00         0.060   6387.0   
177    1.285   0.2160  157.412342  70.527083   276.70         0.046   5738.0   
178    1.009   1.4300  160.748096  60.964119   211.40         0.048   4309.0   
179    0.243   2.5700   23.594729 -66.675819   111.40         0.016   5320.0   
180    0.246   1.7300   23.594729 -66.675819   111.40         0.016   5320.0   
181    0.261   2.9800   23.594729 -66.675819   111.40         0.016   5320.0   
182    1.007   0.7600   73.980208 -63.260056   178.84         0.069   5026.0   
183    0.686   0.3400   73.980208 -63.260056   178.84         0.069   5026.0   
184    0.097   3.6000  346.622013  -5.041274    12.43         0.080   2559.0   
185    0.094   6.4500  346.622013  -5.041274    12.43         0.080   2559.0   
186    0.069   4.9000  346.622013  -5.041274    12.43         0.080   2559.0   
187    0.082   4.4000  346.622013  -5.041274    12.43         0.080   2559.0   
188    0.093   3.3000  346.622013  -5.041274    12.43         0.080   2559.0   
189    0.101   5.2000  346.622013  -5.041274    12.43         0.080   2559.0   
190    1.336   0.9940  268.029265  37.546154   228.00         0.006   5650.0   
191    1.194   1.3100  305.221841  59.448788   364.10         0.005   5171.0   
192    1.137   1.0740  160.602432   7.435026   143.00         0.100   5475.0   
193    0.940   0.1900  188.386871 -10.146149    64.86         0.196   4430.0   
194    1.409   0.2280  224.872776  46.960117   360.00         0.045   5890.0   
195    1.339   0.9700  327.664437  10.463482   460.00         0.148   5940.0   
196    1.400   0.7000   55.933441 -65.193855   333.00         0.400   5650.0   
197    1.937   0.2670   97.636640  29.672291   432.48         0.080   6360.0   
198    1.240   0.4300  332.714323 -30.749672   433.00         0.400   6050.0   
199    0.930   1.6000  176.298965 -42.063927   246.00         0.600   5900.0   
200    1.210   0.8800  314.575373 -35.796555   547.00         0.400   5700.0   
201    1.130   0.2900  349.063446   0.306743   458.91         0.010   5871.0   
202    1.200   2.8400  354.168243 -34.611279   234.54         0.034   5800.0   
203    1.240   0.6100  123.392292  -1.982750   255.80         0.300   6600.0   
204    1.081   0.9140  307.725542   6.429536   153.89         0.100   5180.0   
205    1.070   0.3200  347.492721  18.396086   260.33         0.080   5800.0   
206    1.549   0.1720  169.439021 -19.054773   360.00         0.200   6302.0   
207    1.593   0.6890   36.712746  37.550484   122.36         0.012   7430.0   
208    1.160   1.5300  221.943987   1.064966   343.00         0.149   5800.0   
209    1.270   0.1860  217.326702  -3.444534   230.00         0.130   5400.0   
210    1.050   0.6930  223.820104  -2.057665   402.80         0.250   5600.0   
211    1.112   1.5000  133.324304   8.523038   310.00         0.040   5600.0   
212    1.164   0.4990  315.476951 -13.433218   245.00         0.080   5763.0   
213    1.270   0.6900  342.385707 -10.675560   260.00         0.010   6100.0   
214    0.942   1.1040  131.107099   1.860033   125.00         0.080   5314.0   
215    1.240   0.8800  175.908386   6.563726   142.46         0.076   6112.0   
216    1.490   1.6100  293.993200  36.290325  3200.00         0.040   6250.0   
217    1.363   0.5400  293.732796  36.815491  1000.00         0.100   5000.0   
218    1.140   1.0600  116.716527  39.094578   278.37         0.030   5430.0   
219    2.070   0.6200   94.793282  73.827682   237.06         0.030   6720.0   
220    1.373   0.3400  277.478871  85.233217   234.10         0.040   6250.0   

     st_mass  st_rad  
0       0.91    0.94  
1       0.89    0.79  
2       1.27    1.37  
3       1.08    1.12  
4       1.09    1.01  
5       1.13    1.21  
6       0.95    1.00  
7       1.10    1.14  
8       1.14    1.61  
9       1.05    1.02  
10      1.32    1.59  
11      1.05    1.71  
12      1.05    1.71  
13      1.05    1.71  
14      0.15    0.22  
15      0.54    0.55  
16      0.34    0.34  
17      0.61    0.60  
18      0.61    0.60  
19      0.61    0.60  
20      1.39    1.53  
21      1.24    1.44  
22      1.03    1.04  
23      0.93    0.88  
24      0.89    0.92  
25      1.18    1.53  
26      1.05    1.10  
27      1.27    1.70  
28      0.98    1.04  
29      0.89    0.89  
30      1.09    1.21  
31      1.01    1.01  
32      1.21    1.86  
33      1.25    1.88  
34      1.64    2.55  
35      1.28    1.34  
36      0.99    1.04  
37      1.10    1.10  
38      0.96    0.89  
39      0.97    0.93  
40      0.87    0.92  
41      0.97    1.24  
42      1.13    1.09  
43      1.04    1.02  
44      0.88    0.90  
45      0.76    0.69  
46      1.12    1.20  
47      1.07    1.12  
48      0.99    1.11  
49      1.30    2.04  
50      1.42    1.74  
51      0.93    0.92  
52      1.03    1.07  
53      1.21    1.40  
54      1.09    1.06  
55      1.27    1.87  
56      1.10    1.10  
57      1.06    1.02  
58      0.95    0.98  
59      1.32    1.43  
60      1.38    1.62  
61      1.00    0.93  
62      1.56    2.26  
63      1.50    1.71  
64      1.27    1.48  
65      0.84    0.81  
66      0.86    0.85  
67      1.27    1.31  
68      0.92    0.85  
69      0.67    0.66  
70      0.73    0.72  
71      0.71    0.70  
72      0.94    0.87  
73      1.17    1.12  
74      1.19    1.44  
75      1.11    1.05  
76      0.96    1.10  
77      1.10    1.32  
78      1.20    1.13  
79      1.57    2.20  
80      1.03    0.96  
81      1.46    1.43  
82      1.04    1.04  
83      0.57    0.57  
84      1.10    1.46  
85      1.08    1.66  
86      0.90    0.93  
87      0.93    1.07  
88      1.56    2.11  
89      1.26    1.31  
90      1.41    1.84  
91      1.44    1.44  
92      1.35    1.75  
93      0.89    0.88  
94      0.85    0.81  
95      1.78    1.88  
96      0.73    0.72  
97      1.06    1.09  
98      1.09    1.30  
99      1.09    1.30  
100     1.32    2.34  
101     0.90    0.86  
102     0.90    0.86  
103     1.07    1.10  
104     1.21    2.94  
105     1.16    1.75  
106     0.88    1.23  
107     0.36    0.41  
108     0.70    0.72  
109     1.23    1.38  
110     1.19    1.59  
111     1.39    1.69  
112     1.10    1.65  
113     0.88    0.85  
114     0.92    0.98  
115     0.69    0.70  
116     0.69    0.70  
117     0.69    0.70  
118     0.69    0.70  
119     0.87    0.89  
120     0.83    0.79  
121     0.83    0.79  
122     0.94    0.86  
123     1.19    1.51  
124     1.19    1.51  
125     0.93    0.90  
126     1.00    1.09  
127     0.74    0.70  
128     0.90    0.84  
129     0.79    0.72  
130     0.79    0.72  
131     2.24    1.38  
132     0.97    1.12  
133     1.11    1.67  
134     1.32    1.46  
135     1.11    1.21  
136     1.59    2.37  
137     1.21    1.36  
138     1.64    1.65  
139     1.52    1.91  
140     1.62    1.83  
141     1.76    1.56  
142     0.94    1.00  
143     1.46    1.51  
144     1.20    1.60  
145     2.52    2.36  
146     0.99    1.13  
147     0.91    1.06  
148     1.03    1.10  
149     1.41    1.90  
150     1.22    1.49  
151     1.17    1.29  
152     0.93    0.86  
153     0.91    0.92  
154     0.96    1.35  
155     0.87    0.80  
156     1.32    4.06  
157     0.59    0.55  
158     1.21    1.49  
159     0.62    0.60  
160     0.31    0.31  
161     0.31    0.31  
162     0.31    0.31  
163     0.18    0.21  
164     0.18    0.21  
165     0.26    0.28  
166     1.72    2.10  
167     0.62    0.57  
168     0.70    0.70  
169     1.64    1.70  
170     1.02    0.93  
171     0.77    0.75  
172     0.89    0.98  
173     1.34    1.38  
174     0.84    0.80  
175     1.16    1.25  
176     1.41    1.56  
177     1.03    1.31  
178     0.72    0.70  
179     0.86    0.85  
180     0.86    0.85  
181     0.86    0.85  
182     0.87    0.84  
183     0.87    0.84  
184     0.08    0.12  
185     0.08    0.12  
186     0.08    0.12  
187     0.08    0.12  
188     0.08    0.12  
189     0.08    0.12  
190     0.93    0.83  
191     0.90    0.87  
192     1.08    0.96  
193     0.69    0.66  
194     1.32    1.61  
195     1.29    1.43  
196     1.02    1.20  
197     1.43    1.66  
198     1.07    1.02  
199     1.00    0.90  
200     1.16    1.44  
201     1.08    1.14  
202     1.05    1.11  
203     1.30    1.19  
204     0.90    0.87  
205     0.89    1.14  
206     1.16    1.25  
207     1.50    1.44  
208     0.93    1.00  
209     0.93    0.90  
210     0.89    0.93  
211     0.93    1.01  
212     1.11    1.22  
213     1.14    1.26  
214     0.84    0.75  
215     1.09    0.94  
216     1.20    1.15  
217     0.82    0.75  
218     1.04    1.13  
219     1.47    1.93  
220     1.41    1.48  
