       Planet     Period  Longest OR     Mass  Radius  Density  \
0    55 Cnc e   0.736539     0.01544  0.02542   0.170    6.400   
1  CoRoT-10 b  13.240600     0.10550  2.75000   0.970    3.700   
2  CoRoT-11 b   2.994330     0.04360  2.33000   1.430    0.990   
3  CoRoT-12 b   2.828042     0.04016  0.91700   1.440    0.411   
4  CoRoT-13 b   4.035190     0.05100  1.30800   0.885    2.340   

   Solar Brightness  Distance  Temperature  Solar Mass  Solar Radii  
0             5.960     12.59       5196.0        0.91         0.94  
1            15.220    345.00       5075.0        0.89         0.79  
2            12.939    560.00       6440.0        1.27         1.37  
3            15.515   1150.00       5675.0        1.08         1.12  
4            15.039   1060.00       5945.0        1.09         1.01  
